0 0.477312 0.537958 0.181501 0.094241
0 0.442845 0.604712 0.149215 0.054974
0 0.628272 0.619110 0.087260 0.036649
0 0.784904 0.610602 0.185864 0.048429
0 0.720768 0.660995 0.240838 0.096859
0 0.580279 0.780105 0.186736 0.091623
0 0.728621 0.971859 0.150087 0.056282
0 0.272688 0.501309 0.110820 0.081152
0 0.394852 0.375654 0.103839 0.060209
0 0.533159 0.439136 0.087260 0.064136
0 0.592496 0.343586 0.059337 0.032723
0 0.737784 0.472513 0.072426 0.039267
0 0.729494 0.410340 0.069808 0.030105
0 0.666667 0.392016 0.106457 0.040576