0 0.078861 0.653141 0.151178 0.091623
0 0.134817 0.576571 0.106021 0.043194
0 0.178501 0.541885 0.099149 0.044503
0 0.416558 0.512435 0.090314 0.032723
0 0.618783 0.481675 0.159031 0.054974
0 0.724804 0.522251 0.109948 0.062827
0 0.579025 0.657723 0.142343 0.085079
0 0.539267 0.568063 0.102094 0.060209
0 0.434228 0.613220 0.115838 0.053665
0 0.416558 0.725785 0.225785 0.126963
0 0.662958 0.844241 0.133508 0.133508
0 0.523069 0.435209 0.083442 0.037958
0 0.245255 0.473168 0.079516 0.035340
0 0.315445 0.435864 0.080497 0.044503