0 0.435738 0.619764 0.322657 0.297120
0 0.815160 0.669503 0.369679 0.425393
0 0.660879 0.927356 0.253452 0.145288
0 0.747610 0.339660 0.142904 0.100785
0 0.659531 0.243455 0.225590 0.094241
0 0.569654 0.392670 0.094370 0.075916
0 0.467195 0.407068 0.085383 0.065445
0 0.375521 0.325916 0.067407 0.052356
0 0.496854 0.327225 0.060217 0.052356
0 0.489664 0.272251 0.065610 0.049738
0 0.932449 0.377618 0.135101 0.229058
0 0.142291 0.366492 0.075496 0.081152
0 0.256435 0.345550 0.061116 0.060209
0 0.265872 0.287304 0.054825 0.040576
0 0.094514 0.547775 0.189027 0.195026
0 0.081625 0.869110 0.159081 0.261780