0 0.506519 0.864529 0.254673 0.270942
0 0.505650 0.628927 0.141678 0.137435
0 0.551717 0.486257 0.127771 0.079843
0 0.559540 0.390707 0.094742 0.061518
0 0.642982 0.341623 0.126033 0.052356
0 0.769015 0.395942 0.171231 0.095550
0 0.725555 0.568717 0.112126 0.113874
0 0.919820 0.619764 0.142547 0.121728
0 0.955998 0.498691 0.088003 0.125654
0 0.385701 0.480366 0.084312 0.109948
0 0.416992 0.392670 0.086050 0.130890
0 0.505215 0.321990 0.069535 0.034031
0 0.575620 0.286649 0.093873 0.034031
0 0.322685 0.706806 0.118210 0.274869
0 0.317035 0.929319 0.077358 0.104712
0 0.674273 0.468586 0.039114 0.036649
0 0.689484 0.277487 0.052152 0.031414
0 0.556932 0.249346 0.124294 0.030105