0 0.361665 0.513089 0.124160 0.089005
0 0.521508 0.462042 0.127093 0.073298
0 0.518086 0.545157 0.085054 0.064136
0 0.472626 0.365183 0.084077 0.060209
0 0.414457 0.320026 0.059636 0.037958
0 0.428144 0.286649 0.085054 0.057592
0 0.337712 0.263089 0.072345 0.057592
0 0.289320 0.212042 0.079188 0.054974
0 0.433032 0.168848 0.235610 0.057592
0 0.539105 0.212042 0.082121 0.049738
0 0.714102 0.306937 0.152511 0.077225
0 0.825553 0.414267 0.105585 0.064136
0 0.829952 0.530759 0.184773 0.087696
0 0.761029 0.738874 0.142735 0.126963
0 0.517109 0.878927 0.182818 0.200262
0 0.976811 0.717932 0.046377 0.113874
0 0.251681 0.132199 0.064524 0.073298