0 0.355519 0.539683 0.076299 0.067821
0 0.418019 0.545455 0.034091 0.044733
0 0.463880 0.573593 0.039773 0.057720
0 0.427760 0.739538 0.089286 0.121212
0 0.320211 0.723665 0.101461 0.103896
0 0.237825 0.664502 0.100649 0.112554
0 0.106331 0.814574 0.125000 0.173160
0 0.205763 0.906205 0.073864 0.111111
0 0.346997 0.894661 0.096591 0.128427
0 0.487013 0.888167 0.087662 0.109668
0 0.567776 0.775613 0.080357 0.103896
0 0.766640 0.690476 0.309253 0.265512
0 0.645292 0.949134 0.157468 0.101732
0 0.937094 0.891775 0.125812 0.206349
0 0.530844 0.525253 0.147727 0.145743